a = 32
a_hex = 0X20
b = 244
b_hex = 0XF4
b/2 = 122
b = 264945102
b_hex = 0XFCABDCE
b + 10  = 264945112
b = 19775
b_hex = 0X4D3F
3*(b+10) + 2  = 59357
c = 4.300000
d = 12.222222
c + d = 16.522222
c / d = 0.351818
c * d + (double)a/b;= 52.557174